truth threshold is 3 stars
num_features	lambda	mse	top_n	true_pos	false_pos	true_neg	false_neg	precision	recall
105	0.17	1.5114119294	100	91	9	3595	16306	0.91	0.005549795694334329
105	0.17	1.51723663817	50	44	6	3483	16468	0.88	0.0026647286821705426
105	0.17	1.52164891755	150	147	3	3525	16326	0.98	0.008923693316335822
105	0.17	1.48633818309	250	234	16	3550	16201	0.936	0.014237906905993306
105	0.17	1.52046147693	350	318	32	3558	16093	0.9085714285714286	0.01937724696849674
105	0.17	1.46395180241	450	417	33	3474	16077	0.9266666666666666	0.025281920698435795
105	0.17	1.50441227939	550	505	45	3524	15927	0.9181818181818182	0.03073271665043817
105	0.17	1.48496325184	50	46	4	3688	16263	0.92	0.0028205285425225335
105	0.17	1.48496325184	100	93	7	3685	16216	0.93	0.0057023729229259915
105	0.17	1.48496325184	150	141	9	3683	16168	0.94	0.008645533141210375
105	0.17	1.48496325184	200	191	9	3683	16118	0.955	0.011711325035256607
105	0.17	1.48496325184	250	236	14	3678	16073	0.944	0.014470537739898216
105	0.17	1.48496325184	300	282	18	3674	16027	0.94	0.01729106628242075
105	0.17	1.48496325184	350	328	22	3670	15981	0.9371428571428572	0.020111594824943284
105	0.17	1.48496325184	400	375	25	3667	15934	0.9375	0.02299343920534674
105	0.17	1.48496325184	450	425	25	3667	15884	0.9444444444444444	0.02605923109939297
105	0.17	1.48496325184	500	473	27	3665	15836	0.946	0.029002391317677356
105	0.17	1.48496325184	550	520	30	3662	15789	0.9454545454545454	0.03188423569808081
105	0.17	1.48496325184	600	564	36	3656	15745	0.94	0.0345821325648415
105	0.17	1.48496325184	650	610	40	3652	15699	0.9384615384615385	0.03740266110736403
105	0.17	1.48496325184	700	656	44	3648	15653	0.9371428571428572	0.04022318964988657
105	0.17	1.48496325184	750	701	49	3643	15608	0.9346666666666666	0.042982402354528174
105	0.17	1.48496325184	800	747	53	3639	15562	0.93375	0.04580293089705071
105	0.17	1.48496325184	850	792	58	3634	15517	0.9317647058823529	0.048562143601692316
105	0.17	1.48496325184	900	841	59	3633	15468	0.9344444444444444	0.051566619657857624
105	0.17	1.48496325184	950	886	64	3628	15423	0.9326315789473684	0.054325832362499236
105	0.17	1.47323883806	1000	925	75	3522	15479	0.925	0.056388685686417944
105	0.17	1.47323883806	1050	970	80	3517	15434	0.9238095238095239	0.059131919044135575
105	0.17	1.47323883806	1100	1015	85	3512	15389	0.9227272727272727	0.061875152401853206
105	0.17	1.47323883806	1150	1061	89	3508	15343	0.922608695652174	0.06467934650085345
105	0.17	1.47323883806	1200	1107	93	3504	15297	0.9225	0.06748354059985369
105	0.17	1.47323883806	1250	1152	98	3499	15252	0.9216	0.07022677395757132
105	0.17	1.47323883806	1300	1201	99	3498	15203	0.9238461538461539	0.0732138502804194
105	0.17	1.47323883806	1350	1248	102	3495	15156	0.9244444444444444	0.07607900512070227
105	0.17	1.47323883806	1400	1295	105	3492	15109	0.925	0.07894415996098512
105	0.17	1.47323883806	1450	1344	106	3491	15060	0.926896551724138	0.08193123628383321
105	0.17	1.47323883806	1500	1392	108	3489	15012	0.928	0.08485735186539868
105	0.17	1.47323883806	1550	1438	112	3485	14966	0.927741935483871	0.08766154596439893
105	0.17	1.47323883806	1600	1481	119	3478	14923	0.925625	0.09028285783955133
105	0.17	1.47323883806	1650	1528	122	3475	14876	0.926060606060606	0.09314801267983419
105	0.17	1.47323883806	1700	1576	124	3473	14828	0.9270588235294117	0.09607412826139966
105	0.17	1.47323883806	1750	1623	127	3470	14781	0.9274285714285714	0.09893928310168251
105	0.17	1.47323883806	1800	1669	131	3466	14735	0.9272222222222222	0.10174347720068276
105	0.17	1.47323883806	1850	1713	137	3460	14691	0.9259459459459459	0.10442574981711777
105	0.17	1.47323883806	1900	1756	144	3453	14648	0.9242105263157895	0.10704706169227018
105	0.17	1.47323883806	1950	1804	146	3451	14600	0.9251282051282051	0.10997317727383565
105	0.17	1.50071246438	2000	1853	147	3429	14572	0.9265	0.1128158295281583
105	0.17	1.50071246438	2100	1943	157	3419	14482	0.9252380952380952	0.11829528158295281
105	0.17	1.50071246438	2200	2039	161	3415	14386	0.9268181818181818	0.1241400304414003
105	0.17	1.50071246438	2300	2133	167	3409	14292	0.9273913043478261	0.12986301369863013
105	0.17	1.50071246438	2400	2226	174	3402	14199	0.9275	0.13552511415525115
105	0.17	1.50071246438	2500	2316	184	3392	14109	0.9264	0.14100456621004567
105	0.17	1.50071246438	2600	2401	199	3377	14024	0.9234615384615384	0.14617960426179605
105	0.17	1.50071246438	2700	2493	207	3369	13932	0.9233333333333333	0.15178082191780823
105	0.17	1.50071246438	2800	2585	215	3361	13840	0.9232142857142858	0.1573820395738204
105	0.17	1.50071246438	2900	2679	221	3355	13746	0.9237931034482758	0.16310502283105022
105	0.17	1.50071246438	3000	2772	228	3348	13653	0.924	0.16876712328767124
105	0.17	1.50071246438	3100	2864	236	3340	13561	0.9238709677419354	0.17436834094368342
105	0.17	1.50071246438	3200	2954	246	3330	13471	0.923125	0.17984779299847792
105	0.17	1.50071246438	3300	3046	254	3322	13379	0.923030303030303	0.1854490106544901
105	0.17	1.50071246438	3400	3136	264	3312	13289	0.9223529411764706	0.19092846270928462
105	0.17	1.50071246438	3500	3230	270	3306	13195	0.9228571428571428	0.19665144596651446
105	0.17	1.50071246438	3600	3319	281	3295	13106	0.9219444444444445	0.20207001522070014
105	0.17	1.50071246438	3700	3407	293	3283	13018	0.9208108108108108	0.20742770167427702
105	0.17	1.50071246438	3800	3491	309	3267	12934	0.9186842105263158	0.21254185692541858
105	0.17	1.50071246438	3900	3583	317	3259	12842	0.9187179487179488	0.21814307458143076
105	0.17	1.49610019499	4000	3639	361	3255	12746	0.90975	0.22209337808971621
105	0.17	1.49610019499	4100	3731	369	3247	12654	0.91	0.22770826975892586
105	0.17	1.49610019499	4200	3820	380	3236	12565	0.9095238095238095	0.2331400671345743
105	0.17	1.49610019499	4300	3909	391	3225	12476	0.9090697674418604	0.23857186451022278
105	0.17	1.49610019499	4400	3999	401	3215	12386	0.9088636363636363	0.2440646933170583
105	0.17	1.49610019499	4500	4089	411	3205	12296	0.9086666666666666	0.24955752212389382
105	0.17	1.49610019499	4600	4184	416	3200	12201	0.9095652173913044	0.25535550808666463
105	0.17	1.49610019499	4700	4271	429	3187	12114	0.9087234042553192	0.26066524259993895
105	0.17	1.49610019499	4800	4355	445	3171	12030	0.9072916666666667	0.2657918828196521
105	0.17	1.49610019499	4900	4446	454	3162	11939	0.9073469387755102	0.2713457430576747
105	0.17	1.49610019499	5000	4535	465	3151	11850	0.907	0.27677754043332314
105	0.17	1.49610019499	5100	4619	481	3135	11766	0.9056862745098039	0.2819041806530363
105	0.17	1.49610019499	5200	4704	496	3120	11681	0.9046153846153846	0.2870918523039365
105	0.17	1.49610019499	5300	4794	506	3110	11591	0.9045283018867925	0.29258468111077207
105	0.17	1.49610019499	5400	4886	514	3102	11499	0.9048148148148148	0.2981995727799817
105	0.17	1.49610019499	5500	4973	527	3089	11412	0.9041818181818182	0.30350930729325604
105	0.17	1.49610019499	5600	5060	540	3076	11325	0.9035714285714286	0.30881904180653036
105	0.17	1.49610019499	5700	5150	550	3066	11235	0.9035087719298246	0.3143118706133659
105	0.17	1.49610019499	5800	5233	567	3049	11152	0.9022413793103449	0.319377479401892
105	0.17	1.49610019499	5900	5323	577	3039	11062	0.9022033898305085	0.3248703082087275
105	0.17	1.49610019499	6000	5408	592	3024	10977	0.9013333333333333	0.3300579798596277
105	0.17	1.49610019499	6100	5491	609	3007	10894	0.9001639344262296	0.3351235886481538
105	0.17	1.49610019499	6200	5583	617	2999	10802	0.900483870967742	0.3407384803173634
105	0.17	1.49610019499	6300	5673	627	2989	10712	0.9004761904761904	0.34623130912419897
105	0.17	1.49610019499	6400	5763	637	2979	10622	0.90046875	0.35172413793103446
105	0.17	1.49610019499	6500	5846	654	2962	10539	0.8993846153846153	0.3567897467195606
105	0.17	1.49610019499	6600	5936	664	2952	10449	0.8993939393939394	0.3622825755263961
105	0.17	1.49610019499	6700	6022	678	2938	10363	0.8988059701492538	0.3675312786084834
105	0.17	1.49610019499	6800	6110	690	2926	10275	0.8985294117647059	0.3729020445529448
105	0.17	1.49610019499	6900	6197	703	2913	10188	0.8981159420289855	0.3782117790662191
105	0.17	1.49610019499	7000	6284	716	2900	10101	0.8977142857142857	0.38352151357949343
105	0.17	1.49610019499	7100	6367	733	2883	10018	0.8967605633802817	0.3885871223680195
105	0.17	1.49610019499	7200	6458	742	2874	9927	0.8969444444444444	0.39414098260604213
105	0.17	1.49610019499	7300	6546	754	2862	9839	0.8967123287671233	0.39951174855050353
105	0.17	1.49610019499	7400	6634	766	2850	9751	0.8964864864864864	0.40488251449496493
105	0.17	1.49610019499	7500	6722	778	2838	9663	0.8962666666666667	0.4102532804394263
105	0.17	1.49610019499	7600	6804	796	2820	9581	0.8952631578947369	0.41525785779676533
105	0.17	1.49610019499	7700	6895	805	2811	9490	0.8954545454545455	0.4208117180347879
105	0.17	1.49610019499	7800	6980	820	2796	9405	0.8948717948717949	0.4259993896856881
105	0.17	1.49610019499	7900	7066	834	2782	9319	0.8944303797468355	0.4312480927677754
105	0.17	1.51399930003	8000	7153	847	2751	9250	0.894125	0.43607876607937573
105	0.17	1.51399930003	8100	7241	859	2739	9162	0.8939506172839506	0.4414436383588368
105	0.17	1.51399930003	8200	7327	873	2725	9076	0.8935365853658537	0.4466865817228556
105	0.17	1.51399930003	8300	7418	882	2716	8985	0.8937349397590362	0.4522343473754801
105	0.17	1.51399930003	8400	7504	896	2702	8899	0.8933333333333333	0.4574772907394989
105	0.17	1.51399930003	8500	7591	909	2689	8812	0.8930588235294118	0.4627811985612388
105	0.17	1.51399930003	8600	7684	916	2682	8719	0.8934883720930232	0.4684508931293056
105	0.17	1.51399930003	8700	7769	931	2667	8634	0.8929885057471264	0.4736328720356032
105	0.17	1.51399930003	8800	7855	945	2653	8548	0.8926136363636363	0.47887581539962204
105	0.17	1.51399930003	8900	7941	959	2639	8462	0.892247191011236	0.4841187587636408
105	0.17	1.51399930003	9000	8030	970	2628	8373	0.8922222222222222	0.489544595500823
105	0.17	1.51399930003	9100	8115	985	2613	8288	0.8917582417582418	0.49472657440712065
105	0.17	1.51399930003	9200	8200	1000	2598	8203	0.8913043478260869	0.49990855331341827
105	0.17	1.51399930003	9300	8287	1013	2585	8116	0.8910752688172043	0.5052124611351582
105	0.17	1.51399930003	9400	8372	1028	2570	8031	0.8906382978723404	0.5103944400414558
105	0.17	1.51399930003	9500	8457	1043	2555	7946	0.8902105263157895	0.5155764189477534
105	0.17	1.51399930003	9600	8533	1067	2531	7870	0.8888541666666666	0.5202097177345607
105	0.17	1.51399930003	9700	8622	1078	2520	7781	0.8888659793814433	0.5256355544717429
105	0.17	1.51399930003	9800	8704	1096	2502	7699	0.8881632653061224	0.5306346400048771
105	0.17	1.51399930003	9900	8789	1111	2487	7614	0.8877777777777778	0.5358166189111748
105	0.17	1.51399930003	10000	8871	1129	2469	7532	0.8871	0.5408157044443089
105	0.17	1.51399930003	10100	8955	1145	2453	7448	0.8866336633663366	0.5459367188928854
105	0.17	1.51399930003	10200	9043	1157	2441	7360	0.8865686274509804	0.5513015911723466
105	0.17	1.51399930003	10300	9129	1171	2427	7274	0.8863106796116504	0.5565445345363653
105	0.17	1.51399930003	10400	9213	1187	2411	7190	0.8858653846153847	0.5616655489849418
105	0.17	1.51399930003	10500	9300	1200	2398	7103	0.8857142857142857	0.5669694568066818
105	0.17	1.51399930003	10600	9388	1212	2386	7015	0.8856603773584906	0.5723343290861428
105	0.17	1.51399930003	10700	9475	1225	2373	6928	0.8855140186915887	0.5776382369078827
105	0.17	1.51399930003	10800	9559	1241	2357	6844	0.8850925925925925	0.5827592513564592
105	0.17	1.51399930003	10900	9643	1257	2341	6760	0.8846788990825688	0.5878802658050357
105	0.17	1.51399930003	11000	9727	1273	2325	6676	0.8842727272727273	0.5930012802536121
105	0.17	1.51399930003	11100	9804	1296	2302	6599	0.8832432432432432	0.5976955434981406
105	0.17	1.51399930003	11200	9884	1316	2282	6519	0.8825	0.6025727001158324
105	0.17	1.51399930003	11300	9968	1332	2266	6435	0.8821238938053098	0.6076937145644089
105	0.17	1.51399930003	11400	10054	1346	2252	6349	0.8819298245614036	0.6129366579284278
105	0.17	1.51399930003	11500	10137	1363	2235	6266	0.8814782608695653	0.6179967079192831
105	0.17	1.51399930003	11600	10223	1377	2221	6180	0.8812931034482758	0.6232396512833018
105	0.17	1.51399930003	11700	10302	1398	2200	6101	0.8805128205128205	0.6280558434432726
105	0.17	1.51399930003	11800	10385	1415	2183	6018	0.8800847457627119	0.6331158934341279
105	0.17	1.51399930003	11900	10461	1439	2159	5942	0.8790756302521009	0.6377491922209352
105	0.17	1.53978551072	12000	10553	1447	2119	5882	0.8794166666666666	0.6421052631578947
105	0.17	1.53978551072	12100	10633	1467	2099	5802	0.8787603305785124	0.6469729236385762
105	0.17	1.53978551072	12200	10722	1478	2088	5713	0.8788524590163934	0.6523881959233343
105	0.17	1.53978551072	12300	10806	1494	2072	5629	0.8785365853658537	0.6574992394280499
105	0.17	1.53978551072	12400	10891	1509	2057	5544	0.8783064516129032	0.662671128688774
105	0.17	1.53978551072	12500	10973	1527	2039	5462	0.87784	0.6676604806814724
105	0.17	1.53978551072	12600	11055	1545	2021	5380	0.8773809523809524	0.672649832674171
105	0.17	1.53978551072	12700	11137	1563	2003	5298	0.8769291338582678	0.6776391846668695
105	0.17	1.53978551072	12800	11214	1586	1980	5221	0.87609375	0.6823243078795254
105	0.17	1.53978551072	12900	11294	1606	1960	5141	0.8755038759689923	0.6871919683602069
105	0.17	1.53978551072	13000	11379	1621	1945	5056	0.8753076923076923	0.6923638576209309
105	0.17	1.53978551072	13100	11460	1640	1926	4975	0.8748091603053435	0.697292363857621
105	0.17	1.53978551072	13200	11545	1655	1911	4890	0.8746212121212121	0.702464253118345
105	0.17	1.53978551072	13300	11632	1668	1898	4803	0.8745864661654136	0.7077578338910862
105	0.17	1.53978551072	13400	11719	1681	1885	4716	0.8745522388059701	0.7130514146638272
105	0.17	1.53978551072	13500	11796	1704	1862	4639	0.8737777777777778	0.7177365378764831
105	0.17	1.53978551072	13600	11875	1725	1841	4560	0.8731617647058824	0.7225433526011561
105	0.17	1.53978551072	13700	11958	1742	1824	4477	0.8728467153284671	0.7275935503498631
105	0.17	1.53978551072	13800	12034	1766	1800	4401	0.8720289855072464	0.7322178278065105
105	0.17	1.53978551072	13900	12116	1784	1782	4319	0.8716546762589928	0.737207179799209
105	0.17	1.53978551072	14000	12193	1807	1759	4242	0.8709285714285714	0.7418923030118649
105	0.17	1.53978551072	14100	12268	1832	1734	4167	0.8700709219858156	0.7464557347125038
105	0.17	1.53978551072	14200	12347	1853	1713	4088	0.8695070422535212	0.7512625494371767
105	0.17	1.53978551072	14300	12424	1876	1690	4011	0.8688111888111888	0.7559476726498326
105	0.17	1.53978551072	14400	12505	1895	1671	3930	0.8684027777777777	0.7608761788865227
105	0.17	1.53978551072	14500	12582	1918	1648	3853	0.8677241379310345	0.7655613020991786
105	0.17	1.53978551072	14600	12656	1944	1622	3779	0.8668493150684932	0.770063888043809
105	0.17	1.53978551072	14700	12734	1966	1600	3701	0.8662585034013606	0.7748098570124734
105	0.17	1.53978551072	14800	12816	1984	1582	3619	0.865945945945946	0.7797992090051719
105	0.17	1.53978551072	14900	12891	2009	1557	3544	0.8651677852348993	0.7843626407058107
105	0.17	1.48311334433	15000	13001	1999	1545	3456	0.8667333333333334	0.7899981770675093
105	0.17	1.48311334433	15100	13079	2021	1523	3378	0.866158940397351	0.7947378015434162
105	0.17	1.48311334433	15200	13160	2040	1504	3297	0.8657894736842106	0.7996597192683964
105	0.17	1.48311334433	15300	13239	2061	1483	3218	0.8652941176470588	0.8044601081606612
105	0.17	1.48311334433	15400	13312	2088	1456	3145	0.8644155844155844	0.8088959105547792
105	0.17	1.48311334433	15500	13390	2110	1434	3067	0.8638709677419355	0.8136355350306861
105	0.17	1.48311334433	15600	13459	2141	1403	2998	0.8627564102564103	0.8178282797593729
105	0.17	1.48311334433	15700	13534	2166	1378	2923	0.8620382165605096	0.8223856109862064
105	0.17	1.48311334433	15800	13619	2181	1363	2838	0.8619620253164557	0.8275505863766178
105	0.17	1.48311334433	15900	13692	2208	1336	2765	0.8611320754716981	0.8319863887707358
105	0.17	1.48311334433	16000	13768	2232	1312	2689	0.8605	0.8366044844139272
105	0.17	1.48311334433	16100	13836	2264	1280	2621	0.8593788819875776	0.8407364647262563
105	0.17	1.48311334433	16200	13913	2287	1257	2544	0.8588271604938271	0.8454153247858054
105	0.17	1.48311334433	16300	13984	2316	1228	2473	0.8579141104294479	0.8497295983472078
105	0.17	1.48311334433	16400	14056	2344	1200	2401	0.8570731707317073	0.8541046363249681
105	0.17	1.48311334433	16500	14128	2372	1172	2329	0.8562424242424242	0.8584796743027283
105	0.17	1.48311334433	16600	14203	2397	1147	2254	0.8556024096385542	0.8630370055295619
105	0.17	1.48311334433	16700	14285	2415	1129	2172	0.8553892215568862	0.8680196876708999
105	0.17	1.48311334433	16800	14357	2443	1101	2100	0.8545833333333334	0.8723947256486602
105	0.17	1.48311334433	16900	14431	2469	1075	2026	0.8539053254437869	0.8768912924591359
105	0.17	1.48311334433	17000	14506	2494	1050	1951	0.8532941176470589	0.8814486236859695
105	0.17	1.48311334433	17100	14573	2527	1017	1884	0.8522222222222222	0.8855198395819408
105	0.17	1.48311334433	17200	14643	2557	987	1814	0.8513372093023256	0.8897733487269854
105	0.17	1.48311334433	17300	14718	2582	962	1739	0.8507514450867052	0.8943306799538191
105	0.17	1.48311334433	17400	14789	2611	933	1668	0.8499425287356321	0.8986449535152214
105	0.17	1.48311334433	17500	14863	2637	907	1594	0.8493142857142857	0.9031415203256973
105	0.17	1.48311334433	17600	14934	2666	878	1523	0.8485227272727273	0.9074557938870997
105	0.17	1.48311334433	17700	15003	2697	847	1454	0.8476271186440678	0.9116485386157865
105	0.17	1.48311334433	17800	15071	2729	815	1386	0.846685393258427	0.9157805189281157
105	0.17	1.48311334433	17900	15146	2754	790	1311	0.8461452513966481	0.9203378501549493
105	0.17	1.51554922254	18000	15178	2822	747	1254	0.8432222222222222	0.9236854917234664
105	0.17	1.51554922254	18100	15247	2853	716	1185	0.8423756906077348	0.9278846153846154
105	0.17	1.51554922254	18200	15315	2885	684	1117	0.8414835164835165	0.9320228821811101
105	0.17	1.51554922254	18300	15384	2916	653	1048	0.8406557377049181	0.936222005842259
105	0.17	1.51554922254	18400	15448	2952	617	984	0.8395652173913043	0.9401168451801363
105	0.17	1.51554922254	18500	15522	2978	591	910	0.839027027027027	0.944620253164557
105	0.17	1.51554922254	18600	15583	3017	552	849	0.8377956989247312	0.9483325219084713
105	0.17	1.51554922254	18700	15650	3050	519	782	0.8368983957219251	0.9524099318403116
105	0.17	1.51554922254	18800	15716	3084	485	716	0.8359574468085106	0.9564264849074976
105	0.17	1.51554922254	18900	15783	3117	452	649	0.8350793650793651	0.9605038948393378
105	0.17	1.51554922254	19000	15846	3154	415	586	0.834	0.9643378773125608
105	0.17	1.51554922254	19100	15908	3192	377	524	0.8328795811518325	0.9681110029211295
105	0.17	1.51554922254	19200	15979	3221	348	453	0.8322395833333334	0.9724318403115871
105	0.17	1.51554922254	19300	16047	3253	316	385	0.8314507772020725	0.9765701071080818
105	0.17	1.51554922254	19400	16103	3297	272	329	0.8300515463917526	0.9799780915287244
105	0.17	1.51554922254	19500	16164	3336	233	268	0.8289230769230769	0.9836903602726388
105	0.17	1.51554922254	19600	16225	3375	194	207	0.8278061224489796	0.9874026290165531
105	0.17	1.51554922254	19700	16286	3414	155	146	0.8267005076142132	0.9911148977604674
105	0.17	1.51554922254	19800	16339	3461	108	93	0.8252020202020202	0.9943403115871471
105	0.17	1.51554922254	19900	16387	3513	56	45	0.8234673366834171	0.997261441090555