truth threshold is 4.5
num_features	lambda	mse	top_n	true_pos	false_pos	true_neg	false_neg	precision	recall
105	0.17	1.51296185191	50	26	24	15457	4494	0.52	0.005752212389380531
105	0.17	1.51296185191	150	70	80	15401	4450	0.4666666666666667	0.015486725663716814
105	0.17	1.51296185191	250	107	143	15338	4413	0.428	0.023672566371681417
105	0.17	1.51296185191	350	151	199	15282	4369	0.43142857142857144	0.0334070796460177
105	0.17	1.51296185191	450	188	262	15219	4332	0.4177777777777778	0.0415929203539823
105	0.17	1.51296185191	550	233	317	15164	4287	0.42363636363636364	0.05154867256637168
105	0.17	1.51296185191	650	275	375	15106	4245	0.4230769230769231	0.06084070796460177
105	0.17	1.51296185191	750	325	425	15056	4195	0.43333333333333335	0.07190265486725664
105	0.17	1.51296185191	850	365	485	14996	4155	0.4294117647058823	0.08075221238938053
105	0.17	1.51296185191	950	403	547	14934	4117	0.4242105263157895	0.08915929203539823
105	0.17	1.51296185191	1050	448	602	14879	4072	0.4266666666666667	0.09911504424778761
105	0.17	1.51296185191	1150	488	662	14819	4032	0.42434782608695654	0.1079646017699115
105	0.17	1.51296185191	1250	534	716	14765	3986	0.4272	0.11814159292035398
105	0.17	1.51296185191	1350	574	776	14705	3946	0.42518518518518517	0.12699115044247788
105	0.17	1.51296185191	1450	609	841	14640	3911	0.42	0.13473451327433628
105	0.17	1.51296185191	1550	643	907	14574	3877	0.41483870967741937	0.1422566371681416
105	0.17	1.51296185191	1650	681	969	14512	3839	0.4127272727272727	0.1506637168141593
105	0.17	1.51296185191	1750	713	1037	14444	3807	0.4074285714285714	0.1577433628318584
105	0.17	1.51296185191	1850	747	1103	14378	3773	0.40378378378378377	0.1652654867256637
105	0.17	1.51296185191	1950	788	1162	14319	3732	0.4041025641025641	0.1743362831858407
105	0.17	1.51296185191	2050	821	1229	14252	3699	0.4004878048780488	0.18163716814159292
105	0.17	1.51296185191	2150	858	1292	14189	3662	0.39906976744186046	0.18982300884955752
105	0.17	1.51296185191	2250	894	1356	14125	3626	0.3973333333333333	0.19778761061946903
105	0.17	1.51296185191	2350	924	1426	14055	3596	0.3931914893617021	0.20442477876106194
105	0.17	1.51296185191	2450	965	1485	13996	3555	0.39387755102040817	0.21349557522123894
105	0.17	1.51296185191	2550	1005	1545	13936	3515	0.3941176470588235	0.22234513274336284
105	0.17	1.51296185191	2650	1043	1607	13874	3477	0.39358490566037735	0.23075221238938054
105	0.17	1.51296185191	2750	1080	1670	13811	3440	0.3927272727272727	0.23893805309734514
105	0.17	1.51296185191	2850	1110	1740	13741	3410	0.3894736842105263	0.24557522123893805
105	0.17	1.51296185191	2950	1140	1810	13671	3380	0.3864406779661017	0.252212389380531
105	0.17	1.51296185191	3050	1167	1883	13598	3353	0.3826229508196721	0.2581858407079646
105	0.17	1.51296185191	3150	1201	1949	13532	3319	0.38126984126984126	0.26570796460176993
105	0.17	1.51296185191	3250	1242	2008	13473	3278	0.3821538461538462	0.27477876106194693
105	0.17	1.51296185191	3350	1281	2069	13412	3239	0.38238805970149253	0.2834070796460177
105	0.17	1.51296185191	3450	1309	2141	13340	3211	0.3794202898550725	0.28960176991150444
105	0.17	1.51296185191	3550	1338	2212	13269	3182	0.37690140845070425	0.2960176991150443
105	0.17	1.51296185191	3650	1367	2283	13198	3153	0.3745205479452055	0.30243362831858406
105	0.17	1.51296185191	3750	1404	2346	13135	3116	0.3744	0.3106194690265487
105	0.17	1.51296185191	3850	1439	2411	13070	3081	0.37376623376623375	0.3183628318584071
105	0.17	1.51296185191	3950	1460	2490	12991	3060	0.369620253164557	0.3230088495575221
105	0.17	1.51296185191	4050	1488	2562	12919	3032	0.3674074074074074	0.3292035398230089
105	0.17	1.51296185191	4150	1522	2628	12853	2998	0.3667469879518072	0.33672566371681417
105	0.17	1.51296185191	4250	1556	2694	12787	2964	0.36611764705882355	0.34424778761061947
105	0.17	1.51296185191	4350	1579	2771	12710	2941	0.36298850574712643	0.3493362831858407
105	0.17	1.51296185191	4450	1613	2837	12644	2907	0.3624719101123596	0.356858407079646
105	0.17	1.51296185191	4550	1645	2905	12576	2875	0.36153846153846153	0.3639380530973451
105	0.17	1.51296185191	4650	1678	2972	12509	2842	0.3608602150537634	0.3712389380530973
105	0.17	1.51296185191	4750	1707	3043	12438	2813	0.35936842105263156	0.37765486725663716
105	0.17	1.51296185191	4850	1737	3113	12368	2783	0.3581443298969072	0.3842920353982301
105	0.17	1.51296185191	4950	1766	3184	12297	2754	0.3567676767676768	0.39070796460176993
105	0.17	1.51296185191	5050	1796	3254	12227	2724	0.3556435643564356	0.3973451327433628
105	0.17	1.51296185191	5150	1823	3327	12154	2697	0.35398058252427184	0.40331858407079646
105	0.17	1.51296185191	5250	1854	3396	12085	2666	0.35314285714285715	0.4101769911504425
105	0.17	1.51296185191	5350	1889	3461	12020	2631	0.3530841121495327	0.4179203539823009
105	0.17	1.51296185191	5450	1919	3531	11950	2601	0.35211009174311925	0.4245575221238938
105	0.17	1.51296185191	5550	1951	3599	11882	2569	0.35153153153153155	0.4316371681415929
105	0.17	1.51296185191	5650	1980	3670	11811	2540	0.3504424778761062	0.43805309734513276
105	0.17	1.51296185191	5750	2003	3747	11734	2517	0.3483478260869565	0.443141592920354
105	0.17	1.51296185191	5850	2028	3822	11659	2492	0.3466666666666667	0.4486725663716814
105	0.17	1.51296185191	5950	2049	3901	11580	2471	0.34436974789915964	0.45331858407079645
105	0.17	1.51296185191	6050	2088	3962	11519	2432	0.34512396694214875	0.46194690265486726
105	0.17	1.51296185191	6150	2118	4032	11449	2402	0.344390243902439	0.4685840707964602
105	0.17	1.51296185191	6250	2143	4107	11374	2377	0.34288	0.4741150442477876
105	0.17	1.51296185191	6350	2169	4181	11300	2351	0.3415748031496063	0.4798672566371681
105	0.17	1.51296185191	6450	2196	4254	11227	2324	0.3404651162790698	0.48584070796460177
105	0.17	1.51296185191	6550	2218	4332	11149	2302	0.3386259541984733	0.4907079646017699
105	0.17	1.51296185191	6650	2242	4408	11073	2278	0.33714285714285713	0.49601769911504423
105	0.17	1.51296185191	6750	2267	4483	10998	2253	0.33585185185185185	0.5015486725663717
105	0.17	1.51296185191	6850	2296	4554	10927	2224	0.3351824817518248	0.5079646017699115
105	0.17	1.51296185191	6950	2317	4633	10848	2203	0.3333812949640288	0.5126106194690265
105	0.17	1.51296185191	7050	2351	4699	10782	2169	0.33347517730496457	0.5201327433628319
105	0.17	1.51296185191	7150	2379	4771	10710	2141	0.3327272727272727	0.5263274336283186
105	0.17	1.51296185191	7250	2408	4842	10639	2112	0.33213793103448275	0.5327433628318584
105	0.17	1.51296185191	7350	2429	4921	10560	2091	0.3304761904761905	0.5373893805309734
105	0.17	1.51296185191	7450	2451	4999	10482	2069	0.328993288590604	0.5422566371681415
105	0.17	1.51296185191	7550	2472	5078	10403	2048	0.32741721854304634	0.5469026548672566
105	0.17	1.51296185191	7650	2499	5151	10330	2021	0.32666666666666666	0.5528761061946903
105	0.17	1.51296185191	7750	2520	5230	10251	2000	0.3251612903225806	0.5575221238938053
105	0.17	1.51296185191	7850	2550	5300	10181	1970	0.3248407643312102	0.5641592920353983
105	0.17	1.51296185191	7950	2572	5378	10103	1948	0.32352201257861635	0.5690265486725664
105	0.17	1.51296185191	8050	2591	5459	10022	1929	0.32186335403726707	0.5732300884955752
105	0.17	1.51296185191	8150	2611	5539	9942	1909	0.32036809815950923	0.5776548672566372
105	0.17	1.51296185191	8250	2640	5610	9871	1880	0.32	0.584070796460177
105	0.17	1.51296185191	8350	2660	5690	9791	1860	0.318562874251497	0.588495575221239
105	0.17	1.51296185191	8450	2688	5762	9719	1832	0.31810650887573966	0.5946902654867257
105	0.17	1.51296185191	8550	2717	5833	9648	1803	0.31777777777777777	0.6011061946902655
105	0.17	1.51296185191	8650	2737	5913	9568	1783	0.31641618497109825	0.6055309734513274
105	0.17	1.51296185191	8750	2760	5990	9491	1760	0.31542857142857145	0.6106194690265486
105	0.17	1.51296185191	8850	2786	6064	9417	1734	0.31480225988700566	0.6163716814159292
105	0.17	1.51296185191	8950	2815	6135	9346	1705	0.31452513966480444	0.6227876106194691
105	0.17	1.51296185191	9050	2835	6215	9266	1685	0.3132596685082873	0.6272123893805309
105	0.17	1.51296185191	9150	2856	6294	9187	1664	0.3121311475409836	0.631858407079646
105	0.17	1.51296185191	9250	2873	6377	9104	1647	0.3105945945945946	0.6356194690265486
105	0.17	1.51296185191	9350	2887	6463	9018	1633	0.30877005347593584	0.638716814159292
105	0.17	1.51296185191	9450	2918	6532	8949	1602	0.30878306878306877	0.6455752212389381
105	0.17	1.51296185191	9550	2943	6607	8874	1577	0.30816753926701573	0.6511061946902655
105	0.17	1.51296185191	9650	2963	6687	8794	1557	0.30704663212435235	0.6555309734513274
105	0.17	1.51296185191	9750	2987	6763	8718	1533	0.30635897435897436	0.6608407079646018
105	0.17	1.51296185191	9850	3010	6840	8641	1510	0.30558375634517765	0.665929203539823
105	0.17	1.51296185191	9950	3027	6923	8558	1493	0.3042211055276382	0.6696902654867256
105	0.17	1.51296185191	10050	3049	7001	8480	1471	0.30338308457711444	0.6745575221238939
105	0.17	1.51296185191	10150	3069	7081	8400	1451	0.3023645320197044	0.6789823008849557
105	0.17	1.51296185191	10250	3092	7158	8323	1428	0.30165853658536584	0.684070796460177
105	0.17	1.51296185191	10350	3113	7237	8244	1407	0.30077294685990336	0.6887168141592921
105	0.17	1.51296185191	10450	3139	7311	8170	1381	0.30038277511961725	0.6944690265486726
105	0.17	1.51296185191	10550	3164	7386	8095	1356	0.2999052132701422	0.7
105	0.17	1.51296185191	10650	3178	7472	8009	1342	0.2984037558685446	0.7030973451327434
105	0.17	1.51296185191	10750	3205	7545	7936	1315	0.2981395348837209	0.709070796460177
105	0.17	1.51296185191	10850	3224	7626	7855	1296	0.29714285714285715	0.7132743362831858
105	0.17	1.51296185191	10950	3244	7706	7775	1276	0.29625570776255705	0.7176991150442478
105	0.17	1.51296185191	11050	3263	7787	7694	1257	0.2952941176470588	0.7219026548672567
105	0.17	1.51296185191	11150	3285	7865	7616	1235	0.2946188340807175	0.7267699115044248
105	0.17	1.51296185191	11250	3301	7949	7532	1219	0.2934222222222222	0.7303097345132743
105	0.17	1.51296185191	11350	3322	8028	7453	1198	0.2926872246696035	0.7349557522123894
105	0.17	1.51296185191	11450	3341	8109	7372	1179	0.29179039301310045	0.7391592920353982
105	0.17	1.51296185191	11550	3361	8189	7292	1159	0.290995670995671	0.7435840707964602
105	0.17	1.51296185191	11650	3378	8272	7209	1142	0.2899570815450644	0.7473451327433628
105	0.17	1.51296185191	11750	3407	8343	7138	1113	0.28995744680851065	0.7537610619469026
105	0.17	1.51296185191	11850	3420	8430	7051	1100	0.28860759493670884	0.7566371681415929
105	0.17	1.51296185191	11950	3439	8511	6970	1081	0.2877824267782427	0.7608407079646018
105	0.17	1.51296185191	12050	3457	8593	6888	1063	0.28688796680497924	0.7648230088495576
105	0.17	1.51296185191	12150	3482	8668	6813	1038	0.28658436213991767	0.7703539823008849
105	0.17	1.51296185191	12250	3494	8756	6725	1026	0.28522448979591836	0.7730088495575221
105	0.17	1.51296185191	12350	3510	8840	6641	1010	0.28421052631578947	0.7765486725663717
105	0.17	1.51296185191	12450	3528	8922	6559	992	0.2833734939759036	0.7805309734513274
105	0.17	1.51296185191	12550	3539	9011	6470	981	0.28199203187251	0.7829646017699115
105	0.17	1.51296185191	12650	3563	9087	6394	957	0.2816600790513834	0.7882743362831859
105	0.17	1.51296185191	12750	3569	9181	6300	951	0.279921568627451	0.7896017699115044
105	0.17	1.51296185191	12850	3582	9268	6213	938	0.27875486381322956	0.7924778761061947
105	0.17	1.51296185191	12950	3599	9351	6130	921	0.27791505791505794	0.7962389380530973
105	0.17	1.51296185191	13050	3622	9428	6053	898	0.2775478927203065	0.8013274336283186
105	0.17	1.51296185191	13150	3639	9511	5970	881	0.2767300380228137	0.8050884955752212
105	0.17	1.51296185191	13250	3653	9597	5884	867	0.27569811320754717	0.8081858407079646
105	0.17	1.51296185191	13350	3674	9676	5805	846	0.2752059925093633	0.8128318584070796
105	0.17	1.51296185191	13450	3687	9763	5718	833	0.2741263940520446	0.8157079646017699
105	0.17	1.51296185191	13550	3707	9843	5638	813	0.2735793357933579	0.8201327433628318
105	0.17	1.51296185191	13650	3723	9927	5554	797	0.27274725274725276	0.8236725663716814
105	0.17	1.51296185191	13750	3736	10014	5467	784	0.2717090909090909	0.8265486725663717
105	0.17	1.51296185191	13850	3754	10096	5385	766	0.2710469314079422	0.8305309734513274
105	0.17	1.51296185191	13950	3769	10181	5300	751	0.27017921146953405	0.8338495575221239
105	0.17	1.51296185191	14050	3786	10264	5217	734	0.2694661921708185	0.8376106194690266
105	0.17	1.51296185191	14150	3803	10347	5134	717	0.2687632508833922	0.8413716814159292
105	0.17	1.51296185191	14250	3815	10435	5046	705	0.267719298245614	0.8440265486725663
105	0.17	1.51296185191	14350	3831	10519	4962	689	0.2669686411149826	0.8475663716814159
105	0.17	1.51296185191	14450	3849	10601	4880	671	0.26636678200692043	0.8515486725663717
105	0.17	1.51296185191	14550	3864	10686	4795	656	0.2655670103092784	0.8548672566371681
105	0.17	1.51296185191	14650	3876	10774	4707	644	0.2645733788395904	0.8575221238938053
105	0.17	1.51296185191	14750	3896	10854	4627	624	0.26413559322033897	0.8619469026548673
105	0.17	1.51296185191	14850	3904	10946	4535	616	0.2628956228956229	0.863716814159292
105	0.17	1.51296185191	14950	3917	11033	4448	603	0.2620066889632107	0.8665929203539823
105	0.17	1.51296185191	15050	3933	11117	4364	587	0.261328903654485	0.8701327433628319
105	0.17	1.51296185191	15150	3952	11198	4283	568	0.26085808580858083	0.8743362831858407
105	0.17	1.51296185191	15250	3967	11283	4198	553	0.2601311475409836	0.8776548672566372
105	0.17	1.51296185191	15350	3981	11369	4112	539	0.2593485342019544	0.8807522123893805
105	0.17	1.51296185191	15450	3991	11459	4022	529	0.2583171521035599	0.8829646017699115
105	0.17	1.51296185191	15550	4009	11541	3940	511	0.25781350482315113	0.8869469026548673
105	0.17	1.51296185191	15650	4032	11618	3863	488	0.25763578274760385	0.8920353982300885
105	0.17	1.51296185191	15750	4048	11702	3779	472	0.25701587301587303	0.8955752212389381
105	0.17	1.51296185191	15850	4063	11787	3694	457	0.25634069400630916	0.8988938053097345
105	0.17	1.51296185191	15950	4081	11869	3612	439	0.2558620689655172	0.9028761061946903
105	0.17	1.51296185191	16050	4097	11953	3528	423	0.2552647975077882	0.9064159292035399
105	0.17	1.51296185191	16150	4114	12036	3445	406	0.25473684210526315	0.9101769911504425
105	0.17	1.51296185191	16250	4125	12125	3356	395	0.25384615384615383	0.9126106194690266
105	0.17	1.51296185191	16350	4140	12210	3271	380	0.25321100917431194	0.915929203539823
105	0.17	1.51296185191	16450	4152	12298	3183	368	0.25240121580547115	0.9185840707964602
105	0.17	1.51296185191	16550	4165	12385	3096	355	0.2516616314199396	0.9214601769911505
105	0.17	1.51296185191	16650	4171	12479	3002	349	0.2505105105105105	0.922787610619469
105	0.17	1.51296185191	16750	4193	12557	2924	327	0.2503283582089552	0.9276548672566372
105	0.17	1.51296185191	16850	4211	12639	2842	309	0.24991097922848665	0.9316371681415929
105	0.17	1.51296185191	16950	4225	12725	2756	295	0.24926253687315633	0.9347345132743363
105	0.17	1.51296185191	17050	4238	12812	2669	282	0.24856304985337244	0.9376106194690266
105	0.17	1.51296185191	17150	4243	12907	2574	277	0.24740524781341108	0.9387168141592921
105	0.17	1.51296185191	17250	4252	12998	2483	268	0.2464927536231884	0.9407079646017699
105	0.17	1.51296185191	17350	4263	13087	2394	257	0.24570605187319886	0.9431415929203539
105	0.17	1.51296185191	17450	4274	13176	2305	246	0.24492836676217766	0.945575221238938
105	0.17	1.51296185191	17550	4287	13263	2218	233	0.24427350427350428	0.9484513274336284
105	0.17	1.51296185191	17650	4298	13352	2129	222	0.2435127478753541	0.9508849557522124
105	0.17	1.51296185191	17750	4309	13441	2040	211	0.24276056338028168	0.9533185840707965
105	0.17	1.51296185191	17850	4323	13527	1954	197	0.24218487394957983	0.9564159292035398
105	0.17	1.51296185191	17950	4333	13617	1864	187	0.24139275766016713	0.9586283185840708
105	0.17	1.51296185191	18050	4343	13707	1774	177	0.24060941828254848	0.9608407079646017
105	0.17	1.51296185191	18150	4356	13794	1687	164	0.24	0.963716814159292
105	0.17	1.51296185191	18250	4365	13885	1596	155	0.23917808219178083	0.9657079646017699
105	0.17	1.51296185191	18350	4378	13972	1509	142	0.23858310626702997	0.9685840707964601
105	0.17	1.51296185191	18450	4386	14064	1417	134	0.23772357723577237	0.970353982300885
105	0.17	1.51296185191	18550	4395	14155	1326	125	0.23692722371967656	0.9723451327433629
105	0.17	1.51296185191	18650	4408	14242	1239	112	0.2363538873994638	0.9752212389380531
105	0.17	1.51296185191	18750	4421	14329	1152	99	0.23578666666666667	0.9780973451327434
105	0.17	1.51296185191	18850	4433	14417	1064	87	0.23517241379310344	0.9807522123893805
105	0.17	1.51296185191	18950	4438	14512	969	82	0.2341952506596306	0.981858407079646
105	0.17	1.51296185191	19050	4444	14606	875	76	0.23328083989501314	0.9831858407079646
105	0.17	1.51296185191	19150	4454	14696	785	66	0.23258485639686685	0.9853982300884956
105	0.17	1.51296185191	19250	4463	14787	694	57	0.23184415584415585	0.9873893805309735
105	0.17	1.51296185191	19350	4473	14877	604	47	0.23116279069767443	0.9896017699115044
105	0.17	1.51296185191	19450	4482	14968	513	38	0.2304370179948586	0.9915929203539823
105	0.17	1.51296185191	19550	4489	15061	420	31	0.22961636828644502	0.993141592920354
105	0.17	1.51296185191	19650	4499	15151	330	21	0.22895674300254454	0.995353982300885
105	0.17	1.51296185191	19750	4503	15247	234	17	0.228	0.9962389380530974
105	0.17	1.51296185191	19850	4509	15341	140	11	0.2271536523929471	0.9975663716814159
105	0.17	1.51296185191	19950	4516	15434	47	4	0.2263659147869674	0.9991150442477876